952 319 6 36096 11
911 345 0 61227 8
725 762 9 7079 16
453 84 10 99786 16
715 632 8 55462 14
384 223 9 63303 6
919 932 6 45231 4
882 733 9 91282 19
162 731 7 1177 5
812 573 8 37451 1
975 63 15 71147 18
963 325 20 52166 15
542 150 7 43959 0
869 233 11 78835 19
133 21 6 19101 0
55 515 19 30431 13
991 649 2 18782 3
800 656 20 2989 4
971 711 14 86327 6
326 888 15 64846 1
150 74 15 31850 20
531 222 9 89074 6
155 209 19 56260 17
279 873 5 84676 11
779 998 5 34570 15
505 380 11 14260 0
659 44 19 90108 5
408 198 9 80080 10
207 648 9 85570 15
640 234 20 92387 3
434 976 15 86799 12
572 53 1 20328 20
109 977 6 50005 0
523 494 2 62390 4
542 110 3 32531 19
53 84 1 57513 0
919 538 20 42030 17
843 344 19 21085 10
436 231 17 79657 17
913 986 7 41288 14
568 749 15 57906 2
406 361 6 62955 4
494 657 18 20445 20
861 234 15 84885 16
183 592 13 70437 7
707 598 17 68092 18
872 226 16 96967 5
290 293 5 15369 14
894 98 8 72374 15
936 546 5 18260 20
678 619 1 27319 3
619 760 10 56576 18
625 183 8 17800 9
958 160 5 40775 6
453 836 16 6941 11
247 205 7 89129 4
841 14 17 58084 3
711 252 2 33610 12
438 469 14 77229 0
68 406 14 69146 15
704 388 19 29729 20
723 126 14 95233 1
999 890 7 91172 11
558 661 9 46529 3
996 62 14 51219 17
866 556 14 76861 3
645 480 2 19929 10
646 721 17 19386 17
308 208 10 13717 2
524 416 9 6491 19
723 260 9 41616 1
446 672 7 1707 7
774 39 14 22814 4
831 806 8 28057 18
259 160 6 39463 19
179 763 17 86739 1
681 844 1 22566 19
660 897 6 37157 16
523 210 11 77608 6
206 831 15 27198 13
113 801 1 73672 0
263 891 14 51806 12
318 976 2 69784 0
767 431 11 47886 8
487 138 11 79333 0
230 608 3 15050 18
976 666 4 89422 5
313 41 16 7823 17
592 264 8 65455 8
127 143 16 57066 12
523 302 11 8075 16
719 888 16 36580 15
157 647 8 17962 13
46 382 1 91097 12
609 175 5 51653 14
455 747 16 43851 3
334 405 1 72223 8
556 685 17 57519 15
683 720 14 68432 1
580 242 16 44311 1
487 230 19 6315 6
610 472 17 86778 12
347 136 3 6154 15
401 431 7 75545 7
55 562 3 37063 7
106 650 5 82582 3
645 740 10 12358 8
963 535 12 7540 5
745 161 1 16814 16
26 856 17 37967 15
375 648 2 50953 17
579 88 17 19940 7
538 202 16 70712 5
764 250 15 22304 19
447 859 4 91968 11
517 273 18 83509 14
31 50 19 32688 2
823 993 2 58966 5
750 650 3 29799 18
199 505 6 25953 13
275 506 13 79949 19
705 262 3 45774 0
573 480 19 40246 14
320 503 1 82482 19
219 486 19 22978 6
368 917 17 68650 20
288 846 6 66451 5
771 199 0 52719 12
894 142 15 38734 3
442 126 8 47784 16
487 583 20 58454 11
231 407 19 25957 8
602 629 10 58222 6
686 423 1 35809 11
686 456 15 51152 7
310 787 5 58215 2
234 62 20 73769 12
364 759 6 2495 1
370 679 18 88118 11
62 21 9 94492 12
422 823 10 47716 17
178 938 14 19249 4
210 82 10 37591 17
605 171 10 96112 13
279 124 19 4643 4
369 858 15 14180 10
964 696 4 13625 14
180 814 0 64042 16
803 279 17 63195 1
779 457 14 94813 20
753 661 14 54963 14
949 90 13 45643 9
113 886 11 62865 8
890 231 10 29237 10
669 448 2 88204 7
897 815 4 63921 1
177 336 17 28035 6
634 725 15 53262 4
442 448 4 36595 16
74 950 11 30569 0
359 388 16 16991 2
160 709 6 37994 8
384 614 6 48225 16
201 687 0 79003 3
845 187 0 60543 9
801 140 18 33133 0
47 114 4 29114 2
982 946 0 1058 2
977 780 17 82265 1
984 722 8 90372 10
397 675 3 45863 18
291 80 12 57754 8
176 28 4 21484 8
857 292 2 78692 16
89 989 14 65366 6
68 380 10 14006 0
497 255 1 80717 6
221 455 18 65031 19
709 924 3 27396 3
43 129 7 55247 18
714 120 19 63642 20
856 231 2 33002 13
17 684 8 35867 15
884 174 19 84086 13
255 797 20 78569 8
563 257 0 99340 10
782 709 17 7211 11
258 231 17 71487 13
455 248 12 96833 1
967 869 11 8798 4
347 138 3 80625 5
906 960 1 57733 5
194 82 11 60442 5
167 798 2 4215 0
712 730 16 77128 19
15 915 10 16723 1
237 443 20 57894 18
765 73 14 44470 18
522 484 10 67695 8
70 664 15 95852 16
494 196 11 89425 6
851 479 4 74700 15
366 160 13 89793 1
150 406 7 93278 3
39 991 3 59365 4
839 361 19 50047 0
600 215 10 54837 12
937 815 20 66856 18
627 79 18 44148 18
376 754 9 46465 1
213 623 12 32531 9
498 780 19 6343 3
508 416 13 30329 3
837 411 10 68191 3
422 887 1 69889 0
327 877 9 55059 5
237 772 5 16279 17
27 702 7 73984 6
885 724 18 80080 20
240 571 1 50802 20
961 23 3 91535 16
591 976 15 94038 18
965 900 9 67273 8
954 484 9 56649 15
670 741 2 3789 18
870 283 10 81435 5
571 183 0 92834 12
534 137 19 35649 1
941 343 14 77175 4
327 570 9 92494 2
419 610 16 82538 6
85 957 9 92762 10
135 430 5 46600 12
264 43 6 5127 12
697 631 2 47226 8
226 464 4 99903 0
97 505 13 19513 3
995 394 2 16565 10
828 58 1 27114 15
223 774 1 85411 18
916 599 11 91203 1
298 310 1 38738 0
736 185 0 12176 20
942 469 0 48370 8
719 180 10 65172 0
192 824 0 42599 13
100 110 13 70079 17
308 612 17 46575 3
57 631 13 55014 14
526 591 3 47292 1
348 263 16 96191 8
405 566 14 37685 1
533 986 1 76711 19
834 814 4 84473 8
605 671 5 67068 10
306 328 2 91364 14
626 857 17 90838 10
430 657 3 89292 9
643 572 10 89725 19
448 437 0 55926 18
86 960 17 86993 13
38 157 2 52910 1
119 26 16 42612 11
279 579 2 53900 18
420 492 8 73043 15
488 164 9 74101 6
156 369 16 99580 8
527 576 17 60653 2
524 895 7 59804 12
244 69 8 6721 4
724 954 0 33322 18
436 776 15 50200 1
272 144 0 28490 9
748 26 17 21226 4
571 365 17 63517 16
591 300 5 75004 15
427 656 14 3644 18
925 718 6 23909 12
683 817 9 41973 3
518 376 10 10151 7
566 698 20 71213 4
835 364 18 12716 14
267 751 17 78080 13
176 573 19 52180 0
747 382 0 82544 19
477 190 7 80977 10
429 214 20 58118 6
864 852 8 83603 9
504 715 3 98932 16
554 266 8 3966 1
516 640 12 36642 10
76 489 16 13121 19
876 438 10 58390 4
374 867 11 9518 18
88 662 3 74395 8
565 542 13 95169 18
599 518 16 88203 2
946 817 18 89707 6
134 810 9 1044 3
484 735 1 44057 17
176 656 1 77178 1
966 87 1 94220 20
556 318 3 3054 19
156 492 16 12136 1
196 626 1 65351 19
641 963 8 23523 20
506 362 15 8955 2
467 242 20 78807 8
929 192 10 68977 16
571 631 7 95168 17
994 363 1 19321 20
98 488 18 50601 4
642 822 15 13396 18
362 38 0 69400 7
566 814 1 21801 5
318 530 19 70363 4
516 659 16 3040 8
587 985 6 38732 10
967 821 19 44138 14
242 565 20 45280 18
592 768 9 16213 16
94 344 6 3369 20
381 876 5 87486 0
811 549 8 69562 8
883 930 12 54165 2
609 221 4 53405 2
841 968 0 18049 9
195 258 18 7181 4
256 163 1 90976 19
488 662 12 50121 16
264 666 10 12026 11
223 421 1 63866 9
242 442 18 50574 2
326 768 19 87164 15
161 441 5 75990 4
951 508 18 17920 3
694 299 19 33446 9
972 210 8 89130 8
969 247 17 58281 18
429 502 2 51258 1
601 451 9 65755 19
854 20 11 56353 20
423 336 18 78169 8
399 342 13 70819 2
630 364 8 62784 9
843 951 20 54707 3
618 209 15 54645 16
663 148 12 18768 11
987 240 12 55779 8
139 499 1 62533 2
757 210 14 6297 1
694 164 3 39402 5
914 225 11 50780 10
454 684 6 27908 18
633 502 11 51843 7
818 762 20 33700 2
613 711 10 70318 19
144 833 1 10028 16
633 946 10 8923 15
667 222 14 49654 2
546 746 10 48422 6
761 452 20 93997 2
716 435 16 6236 11
99 536 16 28161 19
866 132 19 11830 14
415 447 1 46431 1
728 159 7 90375 9
292 359 11 29387 11
788 912 13 73881 9
181 858 17 5863 20
566 138 15 2627 6
310 575 13 91899 20
883 285 12 20583 18
312 802 8 38190 15
170 495 11 53632 13
128 897 9 39759 19
644 119 14 5583 6
550 440 8 90237 13
54 559 10 50384 20
709 732 0 14693 14
159 211 1 58262 4
991 118 14 52714 8
542 39 15 66986 5
828 969 1 21726 13
815 690 9 76594 2
82 369 6 13415 18
437 237 13 42599 15
31 379 11 53705 1
632 900 9 47296 8
142 367 13 56735 13
791 76 12 78464 19
162 709 9 71113 20
352 855 1 66349 13
937 798 16 30634 16
539 485 11 68767 0
420 503 14 15220 4
414 460 6 57346 6
128 706 19 25474 12
86 768 9 64220 4
123 853 18 28059 3
346 894 14 95469 7
331 899 8 96206 1
869 987 19 90764 7
399 271 5 78138 15
401 906 4 59620 10
70 263 9 2369 11
412 104 2 36825 13
21 50 2 35824 19
516 148 17 10399 13
112 607 14 3272 6
23 553 10 20170 8
80 32 20 11827 7
409 509 1 64103 12
982 315 17 16369 4
865 665 8 80933 13
812 509 0 78158 14
499 303 9 29004 2
293 221 20 90733 4
641 729 3 37670 18
229 577 18 58290 12
912 310 11 89718 6
663 587 17 64002 10
331 727 7 25068 1
38 757 12 9785 0
188 56 10 61886 14
310 606 18 38583 5
936 384 13 69506 5
892 115 18 80058 15
900 820 15 15455 5
808 628 14 20719 8
424 737 14 15024 15
382 706 4 22049 12
903 319 14 75927 13
355 949 20 88503 13
353 151 7 8023 3
515 91 5 6596 13
457 539 18 86270 2
937 664 16 2626 18
795 936 9 73052 2
822 274 18 20885 14
447 467 9 75892 11
941 420 10 46398 13
232 101 7 23207 13
708 613 10 50042 20
936 900 3 1330 11
52 389 4 74059 16
226 364 17 19703 10
176 877 19 59400 4
545 212 18 5962 15
918 922 10 36556 13
943 447 18 21861 12
999 694 15 67693 15
970 744 9 60206 15
302 892 1 92687 20
374 34 0 65608 0
187 649 16 70469 7
185 445 3 29143 16
756 810 18 32677 18
821 768 9 28697 1
847 17 7 14383 17
566 351 7 64287 4
235 373 9 67279 6
275 766 19 55752 7
783 951 16 30125 2
140 277 12 75449 5
999 181 20 95406 10
291 804 11 4983 12
362 822 20 94107 2
456 395 1 20066 13
835 73 13 40479 2
180 711 19 50620 7
203 904 0 16267 18
956 103 6 52718 6
16 87 2 15327 17
460 550 14 87211 13
406 622 8 46834 18
502 406 16 58069 13
827 49 0 82802 18
224 64 17 96080 1
581 653 16 67607 4
802 447 20 70511 10
691 41 5 45552 15
810 744 3 66852 5
762 731 10 14253 7
412 355 3 45644 3
161 839 16 54065 12
824 666 15 45486 6
612 388 11 11356 9
604 645 14 99222 0
204 542 3 48510 4
250 155 2 41839 14
681 166 14 45406 13
277 871 4 3316 1
359 225 19 38728 11
48 274 2 11461 19
263 417 14 53145 9
593 210 20 73765 11
195 517 2 9140 2
492 889 6 24478 10
522 994 9 5472 3
19 244 4 17566 20
181 269 12 14251 14
200 942 0 88660 6
678 957 20 24027 13
422 856 19 40790 20
767 506 19 15624 12
284 325 5 86618 0
836 258 9 83464 10
155 817 0 98145 15
58 274 19 96790 10
811 405 5 79598 18
726 163 7 49483 10
45 673 10 67763 8
578 497 2 93909 0
158 113 18 37244 18
391 629 6 92719 1
513 460 15 60255 13
217 645 15 4782 6
358 28 17 72894 9
857 902 11 74337 2
256 628 10 89677 9
364 852 5 13019 1
465 609 13 96416 11
587 237 19 39183 6
283 653 10 38406 10
871 69 7 34014 4
244 86 8 43243 16
803 902 12 79168 0
698 314 19 86257 8
500 686 9 49741 20
902 852 7 92754 16
744 81 10 79038 17
112 189 16 51995 15
580 811 20 48146 17
414 265 8 17719 0
637 915 20 79462 14
100 113 3 81388 13
16 18 3 47525 6
114 690 13 36844 10
725 146 6 11422 17
181 502 13 28646 0
916 565 3 5979 0
404 460 12 25800 11
91 971 14 9375 6
184 629 20 29694 10
298 580 1 62685 15
368 506 10 73990 14
426 22 1 21630 10
900 509 18 22809 14
538 453 16 37497 13
586 853 3 80870 13
154 934 0 89883 0
51 994 18 89755 5
178 811 12 34029 13
286 158 6 83856 1
581 586 0 19371 18
17 71 1 89971 0
100 774 13 90025 6
705 646 5 92566 16
426 742 4 78429 2
241 858 8 48519 17
867 721 5 30589 18
461 692 12 65368 8
395 806 11 86573 11
413 750 15 75593 12
111 508 19 3477 15
68 883 13 89654 11
281 362 14 91084 8
605 520 0 88647 2
45 693 3 89655 19
682 884 13 17809 12
38 202 10 1624 8
949 222 4 62174 19
67 111 19 25390 1
553 449 4 79012 9
809 118 6 31811 5
264 601 1 78339 3
211 390 6 56622 15
591 39 9 59716 13
583 666 4 15709 18
949 186 8 97188 10
896 49 4 89595 4
11 414 11 56127 20
878 214 4 94486 11
179 455 15 89532 4
502 85 16 61698 2
512 213 17 80718 16
445 671 10 20759 12
877 214 0 46904 18
607 32 14 61928 17
717 132 14 32647 8
487 689 10 61290 0
601 458 17 46182 14
462 424 11 62297 7
497 411 20 7611 9
129 708 16 5622 19
279 193 13 50621 0
328 163 17 19243 5
82 979 2 4512 17
22 685 13 88468 3
213 665 14 87216 2
107 10 20 99170 6
139 92 1 8901 14
511 212 7 31119 14
231 227 10 14728 7
884 431 10 92782 18
563 214 7 99898 2
284 207 20 17155 18
92 448 4 3919 14
562 111 12 53885 2
841 427 11 78352 8
959 681 14 95180 9
97 370 13 14560 7
849 774 2 70324 20
987 111 2 39382 10
649 31 1 86185 15
219 603 12 61357 2
108 269 13 94658 18
414 328 14 38094 12
953 270 12 99387 11
190 370 11 62616 14
173 251 15 8911 20
431 455 9 97986 11
396 988 20 59769 7
648 279 20 36916 13
712 736 9 89738 20
474 842 12 38432 8
444 190 11 48310 13
469 550 1 62768 12
357 54 16 63441 13
925 33 15 4879 0
900 414 3 54186 11
740 952 12 32952 6
403 329 10 33526 14
799 304 17 56577 5
671 188 12 77818 5
28 404 5 99279 4
585 620 13 3547 19
978 393 17 80936 6
711 584 8 52479 18
986 283 10 73091 7
88 356 10 90598 4
69 703 5 29774 11
145 42 10 49266 10
585 389 20 94871 3
119 251 5 63416 18
909 693 16 8079 1
378 700 15 83173 2
74 268 17 62910 10
425 148 1 33431 1
647 46 19 20975 11
596 986 3 21050 0
872 831 7 26919 3
899 557 1 83993 6
291 829 17 35366 5
808 441 4 74522 12
593 625 3 60054 1
346 215 16 48611 1
384 282 3 37858 5
860 664 0 64974 15
69 124 1 30362 17
193 61 18 5672 9
214 502 18 65147 7
577 860 0 85526 6
223 152 13 90076 18
296 901 10 94339 18
970 631 7 79694 16
678 286 10 38055 7
344 929 17 10512 15
859 800 11 78526 4
63 170 10 73542 2
398 451 1 32528 9
568 251 3 90853 4
524 236 18 55842 4
794 44 18 24611 20
721 668 13 68954 5
589 757 4 50640 16
951 742 0 86525 11
430 497 20 15828 10
740 301 5 22273 6
906 168 4 87113 15
638 868 11 72649 4
201 675 17 42042 13
50 412 5 58719 5
237 547 6 62268 16
203 971 9 25295 5
860 189 14 82121 1
103 648 7 91101 14
941 737 16 63254 17
740 723 5 73925 13
93 662 0 8164 14
386 537 8 74636 16
477 136 4 47498 7
146 414 19 36133 9
231 875 12 30474 11
607 582 18 57355 8
14 815 16 36815 7
626 837 12 90441 20
783 123 0 87824 13
728 104 16 5660 18
754 415 17 13423 0
300 163 4 5698 4
508 43 14 21086 5
327 824 15 32226 4
755 510 16 16718 13
361 171 15 8897 4
632 144 12 17962 20
646 70 8 9770 1
974 136 6 69799 17
487 500 4 54751 3
495 71 18 88698 6
339 232 16 23078 16
356 464 5 78514 9
447 651 20 58512 9
687 380 19 23739 15
375 286 0 21092 12
876 182 5 72908 6
870 77 10 69049 6
563 306 14 71194 6
835 709 20 60186 2
819 444 5 89369 7
939 592 19 3612 7
837 755 3 67926 3
407 498 20 95816 0
802 945 1 37735 8
28 561 3 43842 0
228 228 2 33412 17
669 965 4 43138 8
226 695 11 66542 3
330 652 14 7617 1
729 274 17 75140 13
221 823 3 90561 17
573 486 8 32984 7
356 766 13 14405 16
768 426 6 24428 1
769 604 10 81655 19
289 306 7 78931 7
50 159 19 48457 20
51 425 13 45383 20
155 371 7 94362 6
334 314 11 47516 1
112 510 6 33221 7
139 753 10 35039 2
790 847 14 15145 1
75 643 3 23740 17
804 635 20 28642 15
179 804 14 4765 11
525 45 13 63290 9
877 455 13 28474 20
530 758 8 24402 1
595 649 10 5504 0
268 839 4 15144 19
789 711 10 44307 0
625 34 13 42560 19
702 41 6 66169 12
695 536 13 10430 2
22 323 18 48642 8
64 250 19 3795 0
683 678 1 45448 12
570 456 7 63207 10
722 592 20 25347 11
49 217 5 80571 10
825 947 12 44947 19
79 380 17 17797 2
436 249 4 91374 12
721 562 8 94242 18
834 121 10 4308 11
533 812 20 92507 17
262 902 16 59415 16
541 743 3 28923 15
988 763 17 49906 2
836 347 2 74874 5
43 494 2 16485 1
543 145 20 77899 5
750 211 8 40104 9
697 184 7 72884 15
708 619 13 58461 1
907 590 3 22096 4
778 653 9 67873 13
711 271 2 1005 5
574 762 17 10499 2
195 368 10 72581 13
948 53 20 5504 12
815 362 16 90867 0
825 343 17 15238 15
29 894 11 76513 4
593 945 4 93076 7
986 97 10 74807 7
652 636 16 17545 20
895 893 18 55525 12
332 456 17 64476 10
142 949 16 86548 2
116 563 4 80860 9
573 164 3 9519 18
735 164 7 21252 12
448 737 10 18926 2
433 883 4 66108 4
625 922 13 35570 14
460 693 4 61876 6
78 590 11 61521 6
918 512 17 12756 2
227 458 17 40398 19
392 654 11 94285 3
135 238 19 98582 16
372 755 6 78411 18
874 607 13 28162 16
912 476 14 42682 4
937 625 18 14972 4
60 904 9 22670 18
246 825 18 86689 3
587 70 19 60964 11
546 605 10 62093 13
997 696 11 90930 1
908 544 12 18372 6
715 150 5 21613 19
384 676 15 63087 15
17 781 18 53555 7
689 871 2 25813 13
120 857 19 34731 15
648 282 14 47649 11
515 794 2 94001 1
158 413 14 61151 7
42 287 15 48987 18
387 114 4 55927 1
745 547 13 40542 14
529 720 17 89845 13
299 723 2 73264 13
870 790 12 74177 20
429 839 3 9390 17
998 210 5 6159 17
571 702 1 27019 11
384 475 15 41922 2
702 344 15 56176 7
29 719 11 80531 3
246 671 10 42155 15
356 653 6 29953 1
182 622 14 37681 16
158 325 11 36781 15
939 942 9 43658 19
967 524 19 97848 20
376 740 0 69877 20
715 814 4 37036 6
338 778 14 14590 19
97 810 18 7028 7
140 875 3 78076 0
167 306 14 29888 5
939 569 1 90640 3
604 525 1 17617 10
843 128 8 26885 13
749 292 20 44702 0
751 994 12 25233 9
224 596 7 8792 3
162 159 12 31558 9
304 677 20 29312 10
649 597 12 31943 0
74 99 19 10010 9
29 511 7 46036 14
542 559 9 39311 10
717 666 10 54909 11
20 579 0 54430 12
183 308 12 98630 5
614 946 19 14648 12
167 923 18 58694 8
698 771 1 99814 2
280 417 6 41064 1
157 182 11 23085 2
481 325 11 13524 19
298 984 18 13068 9
370 140 18 22975 20
487 821 8 43921 13
400 334 17 47337 13
429 45 2 17736 13
953 310 3 2210 17
175 866 0 57456 5
161 508 20 32814 17
219 280 16 21529 17
351 690 6 6529 7
241 986 17 50157 12
224 623 6 48059 12
199 973 13 63007 0
191 650 18 20924 0
599 709 20 82643 0
551 273 8 59302 0
221 34 8 15359 5
164 114 10 46460 15
410 357 17 70468 19
401 353 5 73344 13
325 573 7 10469 6
806 747 0 83635 19
981 448 16 95523 13
200 303 2 52612 7
376 217 13 22194 14
169 55 11 29385 4
720 244 3 89131 0
454 362 5 79278 17
349 684 12 38159 13
155 59 17 50198 11
963 709 2 5276 18
312 895 11 63094 11
568 377 13 30106 5
300 95 2 26243 18
387 633 10 5605 11
716 12 10 32035 10
524 603 18 37845 4
595 175 17 7050 18
79 814 4 78306 14
632 913 0 63607 17
578 151 17 62198 0
894 229 13 88226 5
349 910 0 70083 8
655 124 13 9865 15
991 23 6 96331 17
270 280 16 82748 12
863 948 2 69441 0
402 373 13 92888 5
797 846 8 17251 10
695 343 1 14684 3
602 264 8 9241 11
376 260 3 96448 12
426 829 8 13897 15
832 815 0 14121 10
784 300 14 19960 12
267 688 8 79144 11
46 421 7 66404 19
44 316 14 33756 6
446 479 10 97522 4
998 205 11 91682 13
574 526 5 83496 17
428 826 20 45096 14
668 616 15 61088 7
201 827 14 45880 1
401 768 0 56662 9
105 889 10 30879 11
48 582 14 77993 12
484 94 4 40305 17
789 98 9 26855 17
985 42 15 53374 6
453 384 6 56168 18
595 781 4 10922 1
935 518 7 12150 13
675 610 2 1251 7
165 576 13 85827 4
963 443 12 30047 1
989 25 5 77475 1
950 350 13 59680 10
557 870 10 16584 12
846 34 13 40149 12
839 770 16 8099 15
291 462 9 86699 4
520 312 17 50605 17
829 930 4 16127 10
567 570 17 54584 9
677 739 1 13762 14
820 121 9 74939 15
88 403 17 65791 4
47 567 14 81495 5
918 725 6 61023 6
549 878 6 63092 7
802 834 8 30074 1
432 600 11 46044 14
396 97 13 81967 13
683 601 4 15464 7
313 384 19 81427 0
120 252 17 72470 10
467 173 15 92408 14
676 214 10 54256 11
624 933 20 19985 2
999 447 9 86183 17
755 998 10 15864 11
273 805 9 38515 15
868 219 7 53945 19
814 301 5 61271 7
464 12 9 73635 12
979 616 5 86245 1
482 466 12 8032 12
954 355 19 56525 19
170 695 1 69631 9
787 614 0 56683 1
601 978 4 35885 11
468 612 8 39872 16
746 333 4 93473 4
888 359 11 43054 2
134 527 0 35137 1
454 12 6 7639 9
243 104 3 93624 19
81 779 3 80832 8
137 388 9 64071 13
357 512 9 92940 16
74 885 9 13614 16
37 187 18 83837 11
44 509 14 27186 8
24 681 4 65003 3
554 487 1 79104 19
425 169 10 71123 19
965 919 17 31484 3
32 760 7 33947 9
246 732 17 92515 20
339 792 19 67244 7
946 580 0 63157 13
955 656 6 71593 9
